1609225151000|2020-12-29 14:59:11|OrderController-limitQpsTest2Sentinel-sentinel|10|0|10|0|9|0|0|0
1609225151000|2020-12-29 14:59:11|/order/limitQpsTest2|10|0|10|0|80|0|0|1
1609225151000|2020-12-29 14:59:11|__total_inbound_traffic__|10|0|10|0|80|0|0|0
1609225153000|2020-12-29 14:59:13|OrderController-limitQpsTest2Sentinel-sentinel|10|10|10|0|0|0|0|0
1609225153000|2020-12-29 14:59:13|/order/limitQpsTest2|20|0|10|0|3|0|0|1
1609225153000|2020-12-29 14:59:13|__total_inbound_traffic__|20|0|10|0|3|0|0|0
1609225154000|2020-12-29 14:59:14|OrderController-limitQpsTest2Sentinel-sentinel|10|27|10|0|0|0|0|0
1609225154000|2020-12-29 14:59:14|/order/limitQpsTest2|37|0|47|0|11|0|0|1
1609225154000|2020-12-29 14:59:14|__total_inbound_traffic__|37|0|47|0|11|0|0|0
1609225155000|2020-12-29 14:59:15|OrderController-limitQpsTest2Sentinel-sentinel|10|54|10|0|0|0|0|0
1609225155000|2020-12-29 14:59:15|/order/limitQpsTest2|64|0|64|0|1|0|0|1
1609225155000|2020-12-29 14:59:15|__total_inbound_traffic__|64|0|64|0|1|0|0|0
1609225156000|2020-12-29 14:59:16|OrderController-limitQpsTest2Sentinel-sentinel|10|10|10|0|0|0|0|0
1609225156000|2020-12-29 14:59:16|/order/limitQpsTest2|20|0|20|0|1|0|0|1
1609225156000|2020-12-29 14:59:16|__total_inbound_traffic__|20|0|20|0|1|0|0|0
1609225242000|2020-12-29 15:00:42|/order/limitQpsTest2|2|0|0|0|0|0|0|1
1609225242000|2020-12-29 15:00:42|__total_inbound_traffic__|2|0|0|0|0|0|0|0
1609225245000|2020-12-29 15:00:45|/order/limitQpsTest2|8|0|0|0|0|0|0|1
1609225245000|2020-12-29 15:00:45|__total_inbound_traffic__|8|0|0|0|0|0|0|0
1609225250000|2020-12-29 15:00:50|OrderController-limitQpsTest2Sentinel-sentinel|10|0|10|0|5083|0|0|0
1609225250000|2020-12-29 15:00:50|/order/limitQpsTest2|0|0|10|0|5574|0|0|1
1609225250000|2020-12-29 15:00:50|__total_inbound_traffic__|0|0|10|0|5574|0|0|0
1609225303000|2020-12-29 15:01:43|OrderController-limitQpsTest2Sentinel-sentinel|18|90|18|0|14|0|0|0
1609225303000|2020-12-29 15:01:43|/order/limitQpsTest2|109|0|107|0|8|0|0|1
1609225303000|2020-12-29 15:01:43|__total_inbound_traffic__|109|0|107|0|8|0|0|0
1609225304000|2020-12-29 15:01:44|OrderController-limitQpsTest2Sentinel-sentinel|2|38|2|0|25|0|0|0
1609225304000|2020-12-29 15:01:44|/order/limitQpsTest2|39|0|41|0|9|0|0|1
1609225304000|2020-12-29 15:01:44|__total_inbound_traffic__|39|0|41|0|9|0|0|0
1609225374000|2020-12-29 15:02:54|OrderController-limitQpsTest2Sentinel-sentinel|32|99|32|0|5|0|0|0
1609225374000|2020-12-29 15:02:54|/order/limitQpsTest2|133|0|131|0|6|0|0|1
1609225374000|2020-12-29 15:02:54|__total_inbound_traffic__|133|0|131|0|6|0|0|0
1609225375000|2020-12-29 15:02:55|OrderController-limitQpsTest2Sentinel-sentinel|23|43|23|0|5|0|0|0
1609225375000|2020-12-29 15:02:55|/order/limitQpsTest2|64|0|66|0|6|0|0|1
1609225375000|2020-12-29 15:02:55|__total_inbound_traffic__|64|0|66|0|6|0|0|0
1609225444000|2020-12-29 15:04:04|OrderController-limitQpsTest2Sentinel-sentinel|18|0|18|0|4|0|0|0
1609225444000|2020-12-29 15:04:04|/order/limitQpsTest2|18|0|18|0|4|0|0|1
1609225444000|2020-12-29 15:04:04|__total_inbound_traffic__|18|0|18|0|4|0|0|0
1609225445000|2020-12-29 15:04:05|OrderController-limitQpsTest2Sentinel-sentinel|30|52|30|0|15|0|0|0
1609225445000|2020-12-29 15:04:05|/order/limitQpsTest2|82|0|82|0|9|0|0|1
1609225445000|2020-12-29 15:04:05|__total_inbound_traffic__|82|0|82|0|9|0|0|0
1609225495000|2020-12-29 15:04:55|OrderController-limitQpsTest2Sentinel-sentinel|11|8|11|0|4|0|0|0
1609225495000|2020-12-29 15:04:55|/order/limitQpsTest2|20|0|19|0|4|0|0|1
1609225495000|2020-12-29 15:04:55|__total_inbound_traffic__|20|0|19|0|4|0|0|0
1609225496000|2020-12-29 15:04:56|OrderController-limitQpsTest2Sentinel-sentinel|2|79|2|0|5|0|0|0
1609225496000|2020-12-29 15:04:56|/order/limitQpsTest2|80|0|81|0|4|0|0|1
1609225496000|2020-12-29 15:04:56|__total_inbound_traffic__|80|0|81|0|4|0|0|0
1609225614000|2020-12-29 15:06:54|OrderController-limitQpsTest2Sentinel-sentinel|10|90|10|0|6|0|0|0
1609225614000|2020-12-29 15:06:54|/order/limitQpsTest2|100|0|100|0|7|0|0|1
1609225614000|2020-12-29 15:06:54|__total_inbound_traffic__|100|0|100|0|7|0|0|0
