1609225152000|2020-12-29 14:59:12|OrderController-limitQpsTest2Sentinel-sentinel|10|0|10|0|10|0|0|0
1609225152000|2020-12-29 14:59:12|/order/limitQpsTest2|10|0|10|0|111|0|0|1
1609225152000|2020-12-29 14:59:12|__total_inbound_traffic__|10|0|10|0|111|0|0|0
1609225153000|2020-12-29 14:59:13|OrderController-limitQpsTest2Sentinel-sentinel|10|0|10|0|0|0|0|0
1609225153000|2020-12-29 14:59:13|/order/limitQpsTest2|10|0|10|0|3|0|0|1
1609225153000|2020-12-29 14:59:13|__total_inbound_traffic__|10|0|10|0|3|0|0|0
1609225154000|2020-12-29 14:59:14|OrderController-limitQpsTest2Sentinel-sentinel|10|37|10|0|0|0|0|0
1609225154000|2020-12-29 14:59:14|/order/limitQpsTest2|47|0|47|0|12|0|0|1
1609225154000|2020-12-29 14:59:14|__total_inbound_traffic__|47|0|47|0|12|0|0|0
1609225155000|2020-12-29 14:59:15|OrderController-limitQpsTest2Sentinel-sentinel|10|54|10|0|0|0|0|0
1609225155000|2020-12-29 14:59:15|/order/limitQpsTest2|64|0|64|0|2|0|0|1
1609225155000|2020-12-29 14:59:15|__total_inbound_traffic__|64|0|64|0|2|0|0|0
1609225156000|2020-12-29 14:59:16|OrderController-limitQpsTest2Sentinel-sentinel|0|10|0|0|0|0|0|0
1609225156000|2020-12-29 14:59:16|/order/limitQpsTest2|10|0|10|0|2|0|0|1
1609225156000|2020-12-29 14:59:16|__total_inbound_traffic__|10|0|10|0|2|0|0|0
1609225303000|2020-12-29 15:01:43|OrderController-limitQpsTest2Sentinel-sentinel|23|81|23|0|18|0|0|0
1609225303000|2020-12-29 15:01:43|/order/limitQpsTest2|107|0|104|0|10|0|0|1
1609225303000|2020-12-29 15:01:43|__total_inbound_traffic__|107|0|104|0|10|0|0|0
1609225304000|2020-12-29 15:01:44|OrderController-limitQpsTest2Sentinel-sentinel|6|34|6|0|23|0|0|0
1609225304000|2020-12-29 15:01:44|/order/limitQpsTest2|37|0|40|0|12|0|0|1
1609225304000|2020-12-29 15:01:44|__total_inbound_traffic__|37|0|40|0|12|0|0|0
1609225374000|2020-12-29 15:02:54|OrderController-limitQpsTest2Sentinel-sentinel|29|101|29|0|5|0|0|0
1609225374000|2020-12-29 15:02:54|/order/limitQpsTest2|131|0|130|0|6|0|0|1
1609225374000|2020-12-29 15:02:54|__total_inbound_traffic__|131|0|130|0|6|0|0|0
1609225375000|2020-12-29 15:02:55|OrderController-limitQpsTest2Sentinel-sentinel|18|46|18|0|5|0|0|0
1609225375000|2020-12-29 15:02:55|/order/limitQpsTest2|63|0|64|0|5|0|0|1
1609225375000|2020-12-29 15:02:55|__total_inbound_traffic__|63|0|64|0|5|0|0|0
1609225444000|2020-12-29 15:04:04|OrderController-limitQpsTest2Sentinel-sentinel|17|0|17|0|4|0|0|0
1609225444000|2020-12-29 15:04:04|/order/limitQpsTest2|18|0|17|0|4|0|0|1
1609225444000|2020-12-29 15:04:04|__total_inbound_traffic__|18|0|17|0|4|0|0|0
1609225445000|2020-12-29 15:04:05|OrderController-limitQpsTest2Sentinel-sentinel|29|52|29|0|15|0|0|0
1609225445000|2020-12-29 15:04:05|/order/limitQpsTest2|80|0|81|0|9|0|0|1
1609225445000|2020-12-29 15:04:05|__total_inbound_traffic__|80|0|81|0|9|0|0|0
1609225495000|2020-12-29 15:04:55|OrderController-limitQpsTest2Sentinel-sentinel|10|9|10|0|4|0|0|0
1609225495000|2020-12-29 15:04:55|/order/limitQpsTest2|19|0|19|0|4|0|0|1
1609225495000|2020-12-29 15:04:55|__total_inbound_traffic__|19|0|19|0|4|0|0|0
1609225496000|2020-12-29 15:04:56|OrderController-limitQpsTest2Sentinel-sentinel|2|79|2|0|4|0|0|0
1609225496000|2020-12-29 15:04:56|/order/limitQpsTest2|81|0|81|0|4|0|0|1
1609225496000|2020-12-29 15:04:56|__total_inbound_traffic__|81|0|81|0|4|0|0|0
1609225614000|2020-12-29 15:06:54|OrderController-limitQpsTest2Sentinel-sentinel|10|90|10|0|7|0|0|0
1609225614000|2020-12-29 15:06:54|/order/limitQpsTest2|100|0|100|0|7|0|0|1
1609225614000|2020-12-29 15:06:54|__total_inbound_traffic__|100|0|100|0|7|0|0|0
